Buffalo, N.Y.	24.5	45.3	70.8	50.7	40.54	169	93.6	60
Burlington, Vt.	18.0	43.5	70.6	47.7	36.05	154	79.3	60
Caribou, Maine	9.5	38.1	65.6	42.8	37.44	161	112.1	64 / 63
Casper, Wyo.	22.3	42.7	70.0	45.7	13.03	94	77.8	53
Charleston, S.C.	47.9	64.2	81.7	66.2	51.53	114	0.7	61 / 57
Charleston, W.Va.	33.4	54.3	73.9	55.1	44.05	151	34.0	56 / 49
Charlotte, N.C.	41.7	60.9	80.3	61.7	43.51	112	5.6	64
Cheyenne, Wyo.	25.9	41.6	67.7	45.4	15.45	100	55.8	68
Chicago, Ill.	22.0	47.8	73.3	52.1	36.27	125	38.0	45 / 44
Cleveland, Ohio	25.7	47.6	71.9	52.2	38.71	155	57.6	62
Columbia, S.C.	44.6	63.2	82.0	63.7	48.27	109	1.9	56 / 55
Columbus, Ohio	28.3	52.0	75.1	54.7	38.52	137	28.2	64 / 56
Concord, N.H.	20.1	44.6	70.0	47.8	37.60	127	64.5	62
Dallas-Ft. Worth, Texas	44.1	65.0	85.0	67.2	34.73	79	2.6	50 / 45
Denver, Colo.	29.2	47.6	73.4	51.0	15.81	89	60.3	61
Des Moines, Iowa	20.4	50.6	76.1	52.8	34.72	108	33.3	64 / 60
Detroit, Mich.	24.5	48.1	73.5	51.9	32.89	135	41.3	45
Dodge City, Kan.	30.1	53.9	79.8	57.1	22.35	78	20.3	61
Duluth, Minn.	8.4	39.0	65.5	43.5	31.00	134	80.6	62 / 60
El Paso, Texas	45.1	64.6	83.3	64.9	9.43	49	5.3	64 / 57
Fairbanks, Alaska	-9.7	31.7	62.4	23.5	10.34	106	67.7	52
Fargo, N.D.	6.8	43.5	70.6	45.3	21.19	101	40.8	61
Grand Junction, Colo.	26.1	50.9	76.8	52.7	8.99	72	23.6	57
Grand Rapids, Mich.	22.4	46.3	71.4	49.9	37.13	144	73.3	40
Hartford, Conn.	25.7	48.9	73.7	51.9	46.16	128	49.6	49 / 46
Helena, Mont.	20.2	44.1	67.8	44.8	11.32	95	46.9	63 / 58
Honolulu, Hawaii	73.0	75.6	80.8	80.2	18.29	96	0.0	54 / 52
Houston, Texas	51.8	68.5	83.6	70.4	47.84	105	0.4	34 / 69
Indianapolis, Ind.	26.5	52.0	75.4	54.6	40.95	126	23.9	64 / 72
Jackson, Miss.	45.0	63.4	81.4	64.4	55.95	110	1.0	40 / 38
Jacksonville, Fla.	53.1	66.6	81.6	69.4	52.34	116	trace	62 / 60
Juneau, Alaska	25.7	40.8	56.8	42.3	58.33	223	97.0	59
Kansas City, Mo.	26.9	54.4	78.5	56.8	37.98	104	19.9	31 / 69
Knoxville, Tenn.	37.6	57.8	77.7	58.8	48.22	127	11.5	61 / 58
Las Vegas, Nev.	47.0	66.0	91.2	68.7	4.49	26	1.2	55 / 48
Lexington, Ky.	32.0	54.6	76.1	56.6	45.91	130	16.1	59 / 53
Little Rock, Ark.	40.1	61.4	82.4	63.3	50.93	104	5.2	61 / 56
Long Beach, Calif.	57.0	63.0	73.8	68.6	12.94	31	trace	59 / 52
Los Angeles, Calif.	57.1	60.8	69.3	66.9	13.15	35	trace	68 / 62
Louisville, Ky.	33.0	56.4	78.4	58.5	44.54	124	16.4	56
Madison, Wisc.	17.3	45.9	71.6	49.3	32.95	120	43.8	55
Memphis, Tenn.	39.9	62.1	82.5	63.8	54.65	107	5.1	53 / 49
Miami, Fla.	68.1	75.7	83.7	78.8	58.53	131	trace	61 / 59
Milwaukee, Wisc.	20.7	45.2	72.0	51.4	34.81	125	47.0	63
Minneapolis–St. Paul, Minn.	13.1	46.6	73.2	48.7	29.41	115	49.9	65 / 62
Mobile, Ala.	50.1	66.1	81.5	67.7	66.29	121	0.4	62 / 61
Montgomery, Ala.	46.6	64.3	81.8	65.4	54.77	108	0.4	59 / 52
Mt. Washington, N.H.	5.2	22.9	48.7	30.2	101.91	209	259.9	71
Nashville, Tenn.	36.8	58.5	79.1	59.9	48.11	119	10.1	62 / 58
Newark, N.J.	31.3	52.3	77.2	56.4	46.25	122	28.3	62
New Orleans, La.	52.6	68.2	82.7	70.0	64.16	114	0.2	55 / 51
New York, N.Y.	32.1	52.5	76.5	56.6	49.69	121	28.6	134 / 135
Norfolk, Va.	40.1	57.4	79.1	61.1	45.74	116	7.8	55 / 53
Oklahoma City, Okla.	36.7	59.7	82.0	62.0	35.85	83	9.5	64
Olympia, Wash.	38.1	47.4	62.8	49.7	50.79	163	16.7	62 / 55
Omaha, Neb.	21.7	51.4	76.7	53.2	30.22	99	30.1	67 / 68
Philadelphia, Pa.	32.3	53.1	77.6	57.2	42.05	117	20.8	63 / 61
Phoenix, Ariz.	54.2	70.2	92.8	74.6	8.29	36	trace	64 / 62
Pittsburgh, Pa.	27.5	49.9	72.6	52.5	37.85	152	43.6	51
Portland, Maine	21.7	43.7	68.7	47.7	45.83	129	70.4	63
Portland, Ore.	39.9	51.2	68.1	54.3	37.07	153	6.5	63 / 55
Providence, R.I.	28.7	48.6	73.3	53.0	46.45	124	36.0	50
Raleigh, N.C.	39.7	59.1	78.8	60.0	43.05	113	7.5	59